59
58
56
57
57
57
58
57
57
58
57
59
57
59
57
57
57
57
57
57
59
57
57
57
57
58
57
59
58
58
57
58
58
58
57
58
58
59
57
58
58
58
57
58
57
59
59
58
57
58
58
57
58
58
58
56
57
58
57
57
58
58
59
59
60
59
59
60
58
60
59
58
58
58
60
60
60
59
59
58
57
57
57
57
58
58
57
57
56
56
57
57
58
57
56
56
57
57
57
57
57
57
57
58
58
58
58
58
57
57
56
58
57
57
58
57
56
58
56
58
57
56
57
57
57
56
57
58
57
57
57
57
57
57
57
58
57
57
57
58
57
56
57
56
57
57
57
56
56
58
57
58
57
57
58
57
57
57
57
57
57
58
57
57
56
57
57
58
57
57
56
56
58
57
57
57
57
57
58
58
57
57
57
57
58
58
58
57
57
57
58
57
57
57
57
58
57
58
57
57
58
57
56
57
58
57
56
57
57
57
57
57
57
57
58
57
58
58
57
57
57
57
56
57
57
58
57
57
57
57
57
57
57
58
58
58
58
58
58
59
58
58
57
58
59
57
58
58
58
58
58
58
58
58
58
58
58
57
58
58
57
58
58
